1. Умови існування стаціонарного розподілу для марківських моделей.
	Мають виконувати 2 умови:
	Кожний непривідний аперіодичний ланцюг Маркова з кінцевою к-тю станів має обмежуючий розподіл,що співпадає з деяким розподілом pi , його єдиним стац. розподілом
		Theorem: Every irreducible (singly connected), aperiodic finite state Markov chain has a limiting distribution, which is equal to pi, its unique stationary distribution.
		Theorem: Every irreducible (singly connected), ergodic Markov chain has a limiting distribution, which is equal to pi, its unique stationary distribution.

2. Обчислити перші 2 головні компоненти для заданої вибірки значень:
  X = {(1,2,3);
     (2,3,4);
     (7,7,9);
     (0, 11, 0)}
	 
	S = ([[-0.21299335,  0.11166707,  0.7341609 ,  0.63495832],
        [-0.31466555,  0.15717558,  0.5437956 , -0.76194998],
        [-0.7774661 ,  0.46334971, -0.40586529,  0.12699166],
        [-0.50116454, -0.86494702, -0.02382178,  0.0115447 ]])
	V = ([16.44752767,  8.42106835,  1.25077632])
	D = ([	[-0.3820992 , -0.74935615, -0.54080086],
			[ 0.4357483 , -0.66216163,  0.60964366],
			[-0.8149378 , -0.0027087 ,  0.57954209]])